7
0 33 32 37 16 30 5
33 0 11 2 6 35 34
32 11 0 7 12 38 40
37 2 7 0 45 37 9
16 6 12 45 0 5 40
30 35 38 37 5 0 41
5 34 40 9 40 41 0
