8
0 39 33 44 1 2 39 1
39 0 43 3 4 50 24 3
33 43 0 35 27 37 37 13
44 3 35 0 30 34 39 28
1 4 27 30 0 5 10 42
2 50 37 34 5 0 28 42
39 24 37 39 10 28 0 38
1 3 13 28 42 42 38 0
