7
0 7 3 16 35 31 43
7 0 35 32 6 10 27
3 35 0 20 6 23 28
16 32 20 0 33 48 8
35 6 6 33 0 38 9
31 10 23 48 38 0 25
43 27 28 8 9 25 0
