8
0 48 47 8 13 15 22 9
48 0 14 31 18 46 40 28
47 14 0 2 34 28 45 20
8 31 2 0 9 30 21 34
13 18 34 9 0 35 46 9
15 46 28 30 35 0 2 20
22 40 45 21 46 2 0 18
9 28 20 34 9 20 18 0
